rec_scale:1.00000000
ip_addr:192.168.71.176:808
volume:0.13000000
rec_time:7.0000000