rec_time:5.00000000
is_recording:false
rec_scale:1.00000000
ip_addr:
volume:0.44000000
