rec_time:1.00000000
rec_scale:0.00000000
ip_addr:79.194.13.219:808
volume:1.0000000